0.8272032603158431
0.8276107997962303
0.8286296484971981
0.8275089149261334
0.8276107997962303
0.8286296484971981
0.8278145695364238
0.8271013754457464
0.8284258787570046
0.823331635252165
0.8279164544065206
0.8271013754457464
0.8279164544065206
0.8263881813550688
0.8290371879775853
0.8265919510952624
0.8279164544065206
0.8272032603158431
0.8277126846663271
0.8274070300560367
0.8274070300560367
0.8260825267447784
0.8266938359653592
0.8279164544065206
0.8297503820682629
0.826286296484972
0.8280183392766174
0.8269994905756495
0.8275089149261334
0.8280183392766174
0.8279164544065206
0.8267957208354559
0.8267957208354559
0.8285277636271013
0.8256749872643913
0.8284258787570046
0.8285277636271013
0.8271013754457464
0.8272032603158431
0.8281202241467143
0.8269994905756495
0.8271013754457464
0.8286296484971981
0.8264900662251655
0.8268976057055527
0.8273051451859399
0.8283239938869078
0.8268976057055527
0.8290371879775853
0.826286296484972
0.8249617931737137
0.8274070300560367
0.8166072338257768
0.8272032603158431
0.8281202241467143
0.8273051451859399
0.8247580234335201
0.8269994905756495
0.8272032603158431
0.8276107997962303
0.8283239938869078
0.8245542536933266
0.8274070300560367
0.8281202241467143
0.8271013754457464
0.828222109016811
0.8244523688232297
0.8260825267447784
0.8281202241467143
0.8217014773306164
0.8256749872643913
0.8261844116148752
0.8286296484971981
0.8096790626591951
0.8265919510952624
0.8264900662251655
0.8286296484971981
0.8269994905756495
0.8266938359653592
0.8246561385634233
0.8258787570045848
0.8258787570045848
0.8273051451859399
0.8283239938869078
0.8269994905756495
0.8271013754457464
0.8290371879775853
0.8278145695364238
0.8269994905756495
0.8274070300560367
0.8281202241467143
0.8281202241467143
0.8288334182373918
0.8277126846663271
0.8266938359653592
0.8289353031074885
0.8269994905756495
0.8267957208354559
0.8276107997962303
0.8252674477840041
0.8271013754457464
0.825776872134488
0.8263881813550688
0.8266938359653592
0.8281202241467143
0.8302598064187469
0.8269994905756495
0.829240957717779
0.8279164544065206
0.8285277636271013
0.8281202241467143
0.8275089149261334
0.8277126846663271
0.8279164544065206
0.829240957717779
0.8277126846663271
0.8264900662251655
0.8263881813550688
0.8272032603158431
0.8273051451859399
0.8276107997962303
0.8305654610290372
0.8274070300560367
0.828731533367295
0.8288334182373918
0.8276107997962303
0.8274070300560367
0.8289353031074885
0.8281202241467143
0.8299541518084564
0.828222109016811
0.8319918492103923
0.829648497198166
0.8272032603158431
0.8281202241467143
0.8272032603158431
0.8265919510952624
0.8266938359653592
0.8267957208354559
0.8276107997962303
0.8268976057055527
0.8280183392766174
0.8283239938869078
0.8266938359653592
0.8264900662251655
