0.8272032603158431
0.826286296484972
0.8273051451859399
0.828222109016811
0.8267957208354559
0.8260825267447784
0.8273051451859399
0.8276107997962303
0.8275089149261334
0.8304635761589404
0.8264900662251655
0.8271013754457464
0.828222109016811
0.8275089149261334
0.8265919510952624
0.8275089149261334
0.8267957208354559
0.8288334182373918
0.8267957208354559
0.8252674477840041
0.8294447274579725
0.8297503820682629
0.8268976057055527
0.8274070300560367
0.8197656647987773
0.8251655629139073
0.8196637799286806
0.8221090168110036
0.8229240957717779
0.8218033622007132
0.8220071319409068
0.8191543555781966
0.8230259806418747
0.8215995924605196
0.8245542536933266
0.8211920529801324
0.8220071319409068
0.8184411614875191
0.8259806418746816
0.8237391747325522
0.8255731023942945
0.8243504839531329
0.825776872134488
0.8223127865511971
0.8242485990830362
0.8232297503820682
0.8251655629139073
0.8243504839531329
0.8256749872643913
0.8130412633723892
0.8096790626591951
0.8060112073357106
0.8212939378502292
0.8037697401935813
0.8047885888945492
0.8062149770759043
0.8049923586347427
0.8065206316861946
0.8057055527254203
0.804890473764646
0.8047885888945492
0.8152827305145186
0.8118186449312277
0.810697911360163
0.8115129903209374
0.8052980132450331
0.8132450331125828
0.8117167600611309
0.8144676515537442
0.8218033622007132
0.8155883851248089
0.8130412633723892
0.8117167600611309
0.8240448293428426
0.8009169638308711
0.8017320427916454
0.7972491085073866
0.7993886907794192
0.7968415690269995
0.7991849210392257
0.8053998981151299
0.8114111054508405
0.7983698420784513
0.8006113092205808
0.7997962302598064
0.8266938359653592
0.8256749872643913
0.8231278655119715
0.8241467142129394
0.8248599083036169
0.8245542536933266
0.8239429444727457
0.8242485990830362
0.8239429444727457
0.8249617931737137
0.8229240957717779
0.823841059602649
0.7475292919001528
0.7402954661232807
0.7452878247580235
0.7457972491085074
0.801935812531839
0.7344880285277636
0.7560876209882832
0.7319409067753438
0.7551706571574122
0.7597554763117677
0.7287824758023433
0.7489556800815079
0.8297503820682629
0.8290371879775853
0.8285277636271013
0.8280183392766174
0.8277126846663271
0.8272032603158431
0.8289353031074885
0.8291390728476821
0.8329088130412634
0.8275089149261334
0.8285277636271013
0.8289353031074885
0.7501782985226694
0.6488028527763627
0.7233825776872135
0.6413652572592969
0.6994396332144677
0.686602139582272
0.71777890983189
0.6396332144676515
0.7028018339276617
0.6718288334182374
0.7701477330616403
0.7760570555272542
0.8243504839531329
0.8250636780438105
0.8242485990830362
0.8253693326541008
0.8243504839531329
0.8248599083036169
0.8246561385634233
0.8248599083036169
0.8259806418746816
0.8249617931737137
0.8239429444727457
0.8247580234335201
