0.5630491915710935
0.5755298089385917
0.5682065493651185
0.5603228770167558
0.5730766020227869
0.555617951053262
0.5680628967969402
0.560464995177653
0.5705082043516121
0.5629066123861417
0.5656296906477638
0.5729657494988228
0.5630491915710935
0.555285279196476
0.5554433905906734
0.560464995177653
0.560464995177653
0.5601977832642419
0.5706355604450147
0.5680628967969402
0.5629066123861417
0.5578770438298012
0.5679361809424823
0.555285279196476
0.5626727648075698
0.5554433905906734
0.5652516382961122
0.5653604748370356
0.560464995177653
0.5680628967969402
0.5656296906477638
0.5680628967969402
0.5630491915710935
0.5629066123861417
0.5530217811194
0.5656296906477638
0.5706355604450147
0.5784786967005595
0.5630491915710935
0.560464995177653
0.5654865997646326
0.5654865997646326
0.575435670477595
0.5578770438298012
0.5632084517291658
0.5630491915710935
0.5578770438298012
0.5554433905906734
0.5651604238862242
0.5580354863452468
0.5578770438298012
0.5653604748370356
0.5685434392735081
0.5707798240133651
0.5703980726573153
0.5683668297227801
0.5732046470010711
0.5504217860036938
0.5625095574827523
0.5653604748370356
0.5629066123861417
0.575435670477595
0.5606238208505129
0.5630491915710935
0.5656296906477638
0.5603228770167558
0.5685434392735081
0.5683668297227801
0.5682065493651185
0.5656296906477638
0.5706355604450147
0.5705082043516121
0.5635758105599825
0.5611975320184954
0.5580354863452468
0.5625821583056989
0.5600900419522739
0.565965534490769
0.5760780218044883
0.5601977832642419
0.5656296906477638
0.5682065493651185
0.5575034099514093
0.5805514135255713
0.5577353353156735
0.5679361809424823
0.5732046470010711
0.5703054933279827
0.5606238208505129
0.5551439282323715
0.5707798240133651
0.5682065493651185
0.5629066123861417
0.5788207437251082
0.5656296906477638
0.5632084517291658
0.5629066123861417
0.5632084517291658
0.5650871771295588
0.5654865997646326
0.555285279196476
0.5656296906477638
0.560464995177653
0.560464995177653
0.5656296906477638
0.5582103540932131
0.5694075373847854
0.5663656369027515
0.5657894359264041
0.560464995177653
0.5630491915710935
0.5630491915710935
0.5656296906477638
0.5630491915710935
0.5578770438298012
0.560464995177653
0.5630491915710935
0.565965534490769
0.5630491915710935
0.5656296906477638
0.5654865997646326
0.5580354863452468
0.5578770438298012
0.5630491915710935
0.5626727648075698
0.560464995177653
0.5651604238862242
0.5656296906477638
0.557289393094284
0.5630491915710935
0.5554433905906734
0.560464995177653
0.5676609066599885
0.5656296906477638
0.5654865997646326
0.5625821583056989
0.5625821583056989
0.5630491915710935
0.560464995177653
0.5629066123861417
0.5629066123861417
0.5656296906477638
0.5632084517291658
0.5551439282323715
0.5630491915710935
