0.5630491915710935
0.5763799407225921
0.5821434252149126
0.5777438542759091
0.5920458702731031
0.5694944103180012
0.5873765866595961
0.5788773014640619
0.579217851804551
0.5853487760498565
0.5782372513816034
0.5725848412315502
0.5811202551820686
0.5472224847569017
0.5573424050983508
0.5574138665741355
0.549825623859248
0.5550196600183235
0.5446151814563016
0.5522294868395369
0.5499492780843731
0.5474865115851942
0.5551439282323715
0.5625821583056989
0.550612081256011
0.5606238208505129
0.5657894359264041
0.560464995177653
0.5578770438298012
0.560464995177653
0.5528474752734607
0.5473459132428302
0.5606238208505129
0.5654865997646326
0.5657894359264041
0.555617951053262
0.5653604748370356
0.5786416039440073
0.58690464101932
0.5843483922385055
0.5822579998058149
0.5920081056690502
0.5815775806078913
0.5894578624224635
0.5792266130251226
0.5820159563417776
0.5848187862285061
0.5794528111058918
0.5871330527374325
0.5691684038863919
0.5713110471171509
0.5715199776370171
0.5586081818464569
0.5538778174700708
0.5541301365636306
0.5635758105599825
0.5564748164739529
0.5815775806078913
0.5779381640001164
0.574812336075799
0.5668277832443891
0.5630262572481878
0.5734018405355006
0.5740673127334047
0.5750821529922306
0.5768096057635108
0.574812336075799
0.5759775781817433
0.5822579998058149
0.5637310188432951
0.5714877134063284
0.5630684232854489
0.5894578624224635
0.5382139717003264
0.5432122564095624
0.5493955223281383
0.5375191527589488
0.5526887376418566
0.5311019962773057
0.5554348188651674
0.5324104093270398
0.5338670946163133
0.5599156869564625
0.5389943461622511
0.5578409242156205
0.5567898692379777
0.5643098004927142
0.579137835250188
0.5541816163710855
0.5687833162524062
0.5569636403983503
0.5746683683941082
0.5609888860282487
0.5556451339021229
0.5605044534915847
0.5733808736614069
0.5641455607360918
0.5845967620236852
0.59752422966855
0.599480533682119
0.5963255133062572
0.6000781209285928
0.5936292624168545
0.5832524323092128
0.5878824039073096
0.5788593024405414
0.5760641813710272
0.5734398650870071
0.5897276806746211
0.5536727413703881
0.5557831485240768
0.5582469652565066
0.5600275777662214
0.5526887376418566
0.5592599603967259
0.5608458508223365
0.5583884861093951
0.5592599603967259
0.5600275777662214
0.5692573240027475
0.5608458508223365
0.5651092792103851
0.5624066288493853
0.5572696682585848
0.5520738806744706
0.5598962230809679
0.5598239422810317
0.5573810919249996
0.5577353353156735
0.557314902649449
0.562537539158554
0.5624732266073051
0.5624034645452709
0.5701176712316939
0.5828920064390912
0.5313926282559732
0.5771272716642352
0.5703980726573153
0.5836872901947191
0.5768865343306099
0.602943424043952
0.5546666671852067
0.5546576947515798
0.5817890663339899
0.5705082043516121
