0.9094036697247706
0.9151376146788991
0.9174311926605505
0.9139908256880734
0.911697247706422
0.911697247706422
0.9174311926605505
0.9174311926605505
0.9162844036697247
0.9162844036697247
0.9151376146788991
0.911697247706422
0.9174311926605505
0.911697247706422
0.908256880733945
0.9139908256880734
0.9105504587155964
0.9139908256880734
0.911697247706422
0.9128440366972477
0.9105504587155964
0.9139908256880734
0.9162844036697247
0.9139908256880734
0.9151376146788991
0.9105504587155964
0.9128440366972477
0.9105504587155964
0.9105504587155964
0.9128440366972477
0.911697247706422
0.911697247706422
0.9105504587155964
0.911697247706422
0.9105504587155964
0.911697247706422
0.9162844036697247
0.9105504587155964
0.9128440366972477
0.9105504587155964
0.9151376146788991
0.911697247706422
0.911697247706422
0.9094036697247706
0.911697247706422
0.9128440366972477
0.9139908256880734
0.9139908256880734
0.911697247706422
0.9128440366972477
0.911697247706422
0.9094036697247706
0.9105504587155964
0.9151376146788991
0.9094036697247706
0.9174311926605505
0.911697247706422
0.9162844036697247
0.9128440366972477
0.911697247706422
0.9105504587155964
0.9105504587155964
0.9105504587155964
0.9139908256880734
0.9139908256880734
0.9128440366972477
0.9151376146788991
0.911697247706422
0.9151376146788991
0.9139908256880734
0.9105504587155964
0.9128440366972477
0.911697247706422
0.9174311926605505
0.9105504587155964
0.9105504587155964
0.9105504587155964
0.9128440366972477
0.908256880733945
0.9151376146788991
0.911697247706422
0.9105504587155964
0.9128440366972477
0.9128440366972477
0.9128440366972477
0.9105504587155964
0.9128440366972477
0.9105504587155964
0.908256880733945
0.9128440366972477
0.908256880733945
0.911697247706422
0.9128440366972477
0.9105504587155964
0.9139908256880734
0.9151376146788991
0.911697247706422
0.9128440366972477
0.9139908256880734
0.9094036697247706
0.911697247706422
0.9128440366972477
0.911697247706422
0.9094036697247706
0.908256880733945
0.911697247706422
0.9128440366972477
0.9139908256880734
0.911697247706422
0.9105504587155964
0.9128440366972477
0.9105504587155964
0.9105504587155964
0.9094036697247706
0.911697247706422
0.9094036697247706
0.9105504587155964
0.9105504587155964
0.9094036697247706
0.9094036697247706
0.9128440366972477
0.9094036697247706
0.911697247706422
0.911697247706422
0.911697247706422
0.9094036697247706
0.9105504587155964
0.9094036697247706
0.9105504587155964
0.911697247706422
0.9094036697247706
0.911697247706422
0.9094036697247706
0.9174311926605505
0.9128440366972477
0.9071100917431193
0.9139908256880734
0.911697247706422
0.9105504587155964
0.908256880733945
0.9105504587155964
0.9128440366972477
0.9162844036697247
0.9105504587155964
0.9094036697247706
