0.9094036697247706
0.911697247706422
0.9139908256880734
0.9094036697247706
0.9105504587155964
0.8990825688073395
0.9151376146788991
0.911697247706422
0.9128440366972477
0.911697247706422
0.9128440366972477
0.908256880733945
0.9128440366972477
0.9139908256880734
0.9174311926605505
0.9105504587155964
0.9151376146788991
0.9151376146788991
0.9128440366972477
0.9162844036697247
0.9139908256880734
0.9139908256880734
0.9151376146788991
0.908256880733945
0.9139908256880734
0.911697247706422
0.9162844036697247
0.9151376146788991
0.9105504587155964
0.911697247706422
0.9105504587155964
0.9094036697247706
0.9105504587155964
0.9105504587155964
0.908256880733945
0.9105504587155964
0.9105504587155964
0.9048165137614679
0.9071100917431193
0.9071100917431193
0.9094036697247706
0.908256880733945
0.9071100917431193
0.9105504587155964
0.908256880733945
0.9059633027522935
0.9059633027522935
0.9048165137614679
0.908256880733945
0.908256880733945
0.9071100917431193
0.9094036697247706
0.9094036697247706
0.908256880733945
0.911697247706422
0.9048165137614679
0.908256880733945
0.9048165137614679
0.9071100917431193
0.9094036697247706
0.9139908256880734
0.911697247706422
0.9139908256880734
0.9128440366972477
0.9128440366972477
0.9139908256880734
0.908256880733945
0.9128440366972477
0.9105504587155964
0.9105504587155964
0.911697247706422
0.911697247706422
0.9151376146788991
0.9105504587155964
0.9162844036697247
0.908256880733945
0.911697247706422
0.9094036697247706
0.911697247706422
0.9071100917431193
0.9128440366972477
0.911697247706422
0.9139908256880734
0.9105504587155964
0.9128440366972477
0.9105504587155964
0.9105504587155964
0.9105504587155964
0.9185779816513762
0.9105504587155964
0.9071100917431193
0.9128440366972477
0.9139908256880734
0.9139908256880734
0.911697247706422
0.9094036697247706
0.9139908256880734
0.9139908256880734
0.911697247706422
0.9128440366972477
0.9139908256880734
0.9139908256880734
0.9128440366972477
0.9128440366972477
0.9128440366972477
0.9128440366972477
0.9174311926605505
0.9094036697247706
0.9128440366972477
0.9139908256880734
0.911697247706422
0.911697247706422
0.911697247706422
0.9139908256880734
0.9139908256880734
0.9139908256880734
0.9128440366972477
0.9128440366972477
0.9128440366972477
0.9128440366972477
0.9151376146788991
0.9139908256880734
0.911697247706422
0.9105504587155964
0.9105504587155964
0.911697247706422
0.9128440366972477
0.9128440366972477
0.9128440366972477
0.9094036697247706
0.9128440366972477
0.9105504587155964
0.9139908256880734
0.9185779816513762
0.5711009174311926
0.5298165137614679
0.7603211009174312
0.5711009174311926
0.6903669724770642
0.5928899082568807
0.588302752293578
0.7717889908256881
0.5630733944954128
0.9197247706422018
0.5837155963302753
