0.9078498293515359
0.9047619047619047
0.9084745762711864
0.9025641025641027
0.9025641025641027
0.8969072164948454
0.9053356282271946
0.9032258064516129
0.9090909090909091
0.8943661971830987
0.9047619047619047
0.902027027027027
0.9047619047619047
0.905982905982906
0.9047619047619047
0.9075342465753423
0.9078498293515359
0.8998302207130731
0.9035532994923857
0.8991452991452993
0.9001751313485115
0.8989547038327526
0.9050847457627118
0.9025641025641027
0.8958677685950412
0.9018932874354562
0.905982905982906
0.9032258064516129
0.8999999999999999
0.9037800687285222
0.9075342465753423
0.8903225806451612
0.904109589041096
0.905982905982906
0.8946459412780656
0.902027027027027
0.89198606271777
0.8925081433224756
0.9056603773584906
0.901360544217687
0.8999999999999999
0.9025641025641027
0.9063032367972743
0.9028960817717206
0.9054054054054055
0.9063032367972743
0.9050847457627118
0.8943661971830987
0.9044368600682594
0.9047619047619047
0.901360544217687
0.9008403361344538
0.8849557522123894
0.904109589041096
0.9047619047619047
0.9047619047619047
0.9063032367972743
0.9081632653061223
0.8986486486486487
0.905982905982906
0.9066213921901529
0.9066213921901529
0.905982905982906
0.9044368600682594
0.904109589041096
0.9015025041736227
0.9069373942470389
0.9075342465753423
0.9032258064516129
0.8943661971830987
0.9028960817717206
0.9037800687285222
0.9078498293515359
0.9078498293515359
0.9094017094017094
0.901360544217687
0.9078498293515359
0.9066213921901529
0.8998302207130731
0.9035532994923857
0.9032258064516129
0.9032258064516129
0.9025641025641027
0.9016949152542373
0.9063032367972743
0.9047619047619047
0.9078498293515359
0.8998302207130731
0.9063032367972743
0.9050847457627118
0.904109589041096
0.9063032367972743
0.9063032367972743
0.901023890784983
0.901023890784983
0.9008403361344538
0.9081632653061223
0.9028960817717206
0.905982905982906
0.9081632653061223
0.9047619047619047
0.9063032367972743
0.9016949152542373
0.9063032367972743
0.9078498293515359
0.9050847457627118
0.896434634974533
0.9050847457627118
0.901360544217687
0.9047619047619047
0.9063032367972743
0.9078498293515359
0.9032258064516129
0.9047619047619047
0.9016949152542373
0.901360544217687
0.9047619047619047
0.9078498293515359
0.9066213921901529
0.8998302207130731
0.9028960817717206
0.9063032367972743
0.9047619047619047
0.9044368600682594
0.9063032367972743
0.905982905982906
0.905982905982906
0.905982905982906
0.9063032367972743
0.905982905982906
0.9078498293515359
0.905982905982906
0.9044368600682594
0.905982905982906
0.9063032367972743
0.9050847457627118
0.9063032367972743
0.9044368600682594
0.9063032367972743
0.9063032367972743
0.9078498293515359
0.9078498293515359
0.905982905982906
0.9078498293515359
0.9063032367972743
