0.9078498293515359
0.9059233449477352
0.8998242530755711
0.9040139616055847
0.8989547038327526
0.896797153024911
0.9071803852889667
0.8991150442477877
0.9020979020979022
0.901360544217687
0.8994708994708994
0.9087719298245615
0.9055944055944055
0.8963093145869947
0.8966725043782837
0.8963093145869947
0.897391304347826
0.8981001727115717
0.897391304347826
0.900523560209424
0.8929765886287626
0.8941176470588236
0.897391304347826
0.8959435626102292
0.8896797153024911
0.9048414023372287
0.8993288590604027
0.9008403361344538
0.902155887230514
0.8985024958402663
0.8981636060100167
0.8825622775800711
0.9039735099337749
0.903010033444816
0.9096989966555185
0.9016949152542373
0.8980263157894737
0.8743169398907102
0.8896210873146623
0.8847457627118644
0.8870431893687708
0.8851913477537438
0.8862876254180602
0.8915254237288135
0.8869863013698631
0.8862478777589134
0.8862876254180602
0.8885245901639344
0.8885191347753744
0.8865619546247819
0.8802816901408451
0.88141592920354
0.8993288590604027
0.8885017421602788
0.8912280701754387
0.8954703832752613
0.8916083916083916
0.8850174216027874
0.8857644991212652
0.8830715532286212
0.8877192982456141
0.8729874776386405
0.8736462093862816
0.8700361010830325
0.8687943262411347
0.8655616942909761
0.8597449908925319
0.8736462093862816
0.8809946714031971
0.8866666666666667
0.8694096601073344
0.8687943262411347
0.867992766726944
0.8903654485049834
0.891846921797005
0.8914858096828046
0.89
0.8941176470588236
0.8877721943048577
0.8922558922558923
0.8911222780569515
0.8911222780569515
0.8885191347753744
0.8892617449664431
0.8881469115191986
0.9000000000000001
0.893687707641196
0.8951747088186357
0.893687707641196
0.8966666666666667
0.8922056384742951
0.8922056384742951
0.8922056384742951
0.8922056384742951
0.8940397350993377
0.8974789915966387
0.8922056384742951
0.8892617449664431
0.8922558922558923
0.8885135135135136
0.8922558922558923
0.8870151770657673
0.8903878583473862
0.8873949579831933
0.8859060402684563
0.8922558922558923
0.8934010152284263
0.8922558922558923
0.8888888888888888
0.8948247078464107
0.8951747088186357
0.893687707641196
0.8933333333333334
0.8929765886287626
0.8948247078464107
0.8951747088186357
0.8981636060100167
0.8933333333333334
0.8970099667774086
0.8996655518394648
0.9018302828618967
0.9006849315068494
0.9006849315068494
0.9044368600682594
0.9025641025641027
0.9044368600682594
0.9044368600682594
0.9044368600682594
0.9044368600682594
0.9044368600682594
0.9025641025641027
0.9044368600682594
0.9044368600682594
0.9060402684563759
0.9042016806722689
0.909090909090909
0.9078726968174204
0.9109243697478993
0.9078726968174204
0.9093959731543624
0.9078726968174204
0.9078726968174204
0.9063545150501673
0.9078726968174204
0.9078726968174204
